	Salário mínimo - paridade do poder de compra (PPC) (GAC12_SALMINDOL12)
Frequência: Mensal de 1940.07 até 2026.05
Fonte: Instituto de Pesquisa Econômica Aplicada
Unidade: US$
Comentário: Representa, em cada mês, qual era o preço nos Estados Unidos da mesma cesta de bens que se podia adquirir com um salário mínimo no Brasil. Nota: A conversão é feita pela taxa de paridade de poder de compra (PPC) observada pelo Banco Mundial em 2011, corrigida pela inflação ao consumidor nos Estados Unidos e no Brasil. Para a inflação americana, utiliza-se o IPC do Bureau of Labor Statistics (BLS). Para a inflação brasileira, INPC/IBGE (a partir de março de 1979), IGPC-Mtb (jan/1948-mar/1979), IPC-RJ/FGV (jan/1944-jan/1948) e IPC-SP/Fipe (jul/1940-jan/1944). O salário mínimo urbano foi instituído no Brasil por decreto-lei do presidente Getúlio Vargas, durante a ditadura do Estado Novo, e começou a vigorar em julho de 1940, com valores diferenciados entre estados e sub-regiões. Em 1943, foi incorporado à Consolidação das Leis do Trabalho (CLT) e, em 1963, foi estendido ao campo por meio do Estatuto do Trabalhador Rural. Foi nacionalmente unificado em maio de 1984, mas, desde 2000, a Lei Complementar 103 permite que os estados fixem pisos estaduais superiores ao mínimo nacional. Os dados desta série para o período em que a legislação federal definia faixas diversificadas referem-se sempre ao maior salário mínimo vigente no país. Quanto ao período anterior à unificação, ver arquivo listado em mais informações.Mais informações: Determinação da taxa de câmbio: textes empíricos para o Brasil.
Atualizado em: 10/07/2026



The Ipeadata - http://www.ipeadata.gov.br chart showing Salário mínimo - paridade do poder de compra (PPC) series.
 

Data	 (Ascending)
Salário mínimo - paridade do poder de compra (PPC)	 
1940.07	16,80
1940.08	16,75
1940.09	16,73
1940.10	16,47
1940.11	16,10
1940.12	16,50
1941.01	16,07
1941.02	15,41
1941.03	16,06
1941.04	15,97
1941.05	15,50
1941.06	15,43
1941.07	15,68
1941.08	15,68
1941.09	15,76
1941.10	16,20
1941.11	15,98
1941.12	16,30
1942.01	16,66
1942.02	16,68
1942.03	16,92
1942.04	16,25
1942.05	16,14
1942.06	15,59
1942.07	15,24
1942.08	15,13
1942.09	14,82
1942.10	15,19
1942.11	15,23
1942.12	15,36
1943.01	15,08
1943.02	14,87
1943.03	15,16
1943.04	14,87
1943.05	14,89
1943.06	14,97
1943.07	18,04
1943.08	17,91
1943.09	17,64
1943.10	16,93
1943.11	16,91
1943.12	21,00
1944.01	19,01
1944.02	18,77
1944.03	18,19
1944.04	18,20
1944.05	17,76
1944.06	17,61
1944.07	17,77
1944.08	17,68
1944.09	17,65
1944.10	16,70
1944.11	16,13
1944.12	15,56
1945.01	15,40
1945.02	15,51
1945.03	15,17
1945.04	15,33
1945.05	15,42
1945.06	15,75
1945.07	15,63
1945.08	15,43
1945.09	15,47
1945.10	15,12
1945.11	15,01
1945.12	14,99
1946.01	14,59
1946.02	14,47
1946.03	14,67
1946.04	14,59
1946.05	14,51
1946.06	14,40
1946.07	15,03
1946.08	14,44
1946.09	14,03
1946.10	13,79
1946.11	13,74
1946.12	13,60
1947.01	12,87
1947.02	12,68
1947.03	12,72
1947.04	12,69
1947.05	12,87
1947.06	13,20
1947.07	13,88
1947.08	14,09
1947.09	14,13
1947.10	14,00
1947.11	14,00
1947.12	13,98
1948.01	13,94
1948.02	13,79
1948.03	13,72
1948.04	13,91
1948.05	13,88
1948.06	13,89
1948.07	14,03
1948.08	14,04
1948.09	13,98
1948.10	13,87
1948.11	13,73
1948.12	13,62
1949.01	13,43
1949.02	13,20
1949.03	13,08
1949.04	13,01
1949.05	12,85
1949.06	12,78
1949.07	12,63
1949.08	12,65
1949.09	12,66
1949.10	12,48
1949.11	12,46
1949.12	12,29
1950.01	12,19
1950.02	12,17
1950.03	12,18
1950.04	12,18
1950.05	12,51
1950.06	12,56
1950.07	12,39
1950.08	12,47
1950.09	12,48
1950.10	12,47
1950.11	12,42
1950.12	12,46
1951.01	12,42
1951.02	12,32
1951.03	12,13
1951.04	11,97
1951.05	11,86
1951.06	11,71
1951.07	11,65
1951.08	11,60
1951.09	11,63
1951.10	11,56
1951.11	11,53
1951.12	11,46
1952.01	35,07
1952.02	33,78
1952.03	32,91
1952.04	32,69
1952.05	32,46
1952.06	32,37
1952.07	32,47
1952.08	32,34
1952.09	32,20
1952.10	31,94
1952.11	31,67
1952.12	31,39
1953.01	30,75
1953.02	30,24
1953.03	29,75
1953.04	29,45
1953.05	29,27
1953.06	29,11
1953.07	28,77
1953.08	28,56
1953.09	28,22
1953.10	28,27
1953.11	28,10
1953.12	28,06
1954.01	27,25
1954.02	26,45
1954.03	25,75
1954.04	25,31
1954.05	25,06
1954.06	24,74
1954.07	48,82
1954.08	48,18
1954.09	47,39
1954.10	46,79
1954.11	46,20
1954.12	45,48
1955.01	44,13
1955.02	42,83
1955.03	41,67
1955.04	41,27
1955.05	40,86
1955.06	40,47
1955.07	40,24
1955.08	39,87
1955.09	39,65
1955.10	39,07
1955.11	38,51
1955.12	37,84
1956.01	36,67
1956.02	35,55
1956.03	34,56
1956.04	34,26
1956.05	33,95
1956.06	33,79
1956.07	33,44
1956.08	51,83
1956.09	51,15
1956.10	50,53
1956.11	49,75
1956.12	49,19
1957.01	47,56
1957.02	46,15
1957.03	44,91
1957.04	44,83
1957.05	44,76
1957.06	44,67
1957.07	44,91
1957.08	44,83
1957.09	44,74
1957.10	44,54
1957.11	44,50
1957.12	44,30
1958.01	43,69
1958.02	42,79
1958.03	42,24
1958.04	41,86
1958.05	41,35
1958.06	40,85
1958.07	40,61
1958.08	40,09
1958.09	39,71
1958.10	39,16
1958.11	38,75
1958.12	38,11
1959.01	57,49
1959.02	54,68
1959.03	52,31
1959.04	51,59
1959.05	50,71
1959.06	50,04
1959.07	49,60
1959.08	49,00
1959.09	48,58
1959.10	47,67
1959.11	46,63
1959.12	45,65
1960.01	43,87
1960.02	42,50
1960.03	41,05
1960.04	40,56
1960.05	39,95
1960.06	39,49
1960.07	39,00
1960.08	38,53
1960.09	38,07
1960.10	59,91
1960.11	58,56
1960.12	57,28
1961.01	55,09
1961.02	53,07
1961.03	51,18
1961.04	50,04
1961.05	48,96
1961.06	47,92
1961.07	47,47
1961.08	46,57
1961.09	46,00
1961.10	61,83
1961.11	59,45
1961.12	57,24
1962.01	53,59
1962.02	50,54
1962.03	47,68
1962.04	46,29
1962.05	44,83
1962.06	43,47
1962.07	42,50
1962.08	41,45
1962.09	40,58
1962.10	39,38
1962.11	39,06
1962.12	37,17
1963.01	53,93
1963.02	50,33
1963.03	47,34
1963.04	45,78
1963.05	44,33
1963.06	43,11
1963.07	41,77
1963.08	40,39
1963.09	39,09
1963.10	37,72
1963.11	36,33
1963.12	35,15
1964.01	32,54
1964.02	60,92
1964.03	57,15
1964.04	55,33
1964.05	53,57
1964.06	52,13
1964.07	50,34
1964.08	48,36
1964.09	46,78
1964.10	44,64
1964.11	42,82
1964.12	41,00
1965.01	38,14
1965.02	35,65
1965.03	52,78
1965.04	50,77
1965.05	48,76
1965.06	47,20
1965.07	45,56
1965.08	44,03
1965.09	42,56
1965.10	41,37
1965.11	40,13
1965.12	39,11
1966.01	37,32
1966.02	36,02
1966.03	43,94
1966.04	42,56
1966.05	41,02
1966.06	39,66
1966.07	38,55
1966.08	37,62
1966.09	36,56
1966.10	35,89
1966.11	35,03
1966.12	34,21
1967.01	33,25
1967.02	32,73
1967.03	39,78
1967.04	38,97
1967.05	38,13
1967.06	37,46
1967.07	37,08
1967.08	36,70
1967.09	36,37
1967.10	36,02
1967.11	35,70
1967.12	35,42
1968.01	34,66
1968.02	34,23
1968.03	41,33
1968.04	40,51
1968.05	39,96
1968.06	39,46
1968.07	38,84
1968.08	38,38
1968.09	37,93
1968.10	37,57
1968.11	37,12
1968.12	36,68
1969.01	35,88
1969.02	35,67
1969.03	35,51
1969.04	35,26
1969.05	41,78
1969.06	40,84
1969.07	40,44
1969.08	40,16
1969.09	39,58
1969.10	39,20
1969.11	38,78
1969.12	38,45
1970.01	37,68
1970.02	37,42
1970.03	36,80
1970.04	36,72
1970.05	43,51
1970.06	43,03
1970.07	42,43
1970.08	41,39
1970.09	40,85
1970.10	40,56
1970.11	40,26
1970.12	40,11
1971.01	39,33
1971.02	38,94
1971.03	38,43
1971.04	38,04
1971.05	45,37
1971.06	44,67
1971.07	43,98
1971.08	43,55
1971.09	43,01
1971.10	42,53
1971.11	41,91
1971.12	41,64
1972.01	40,67
1972.02	40,11
1972.03	39,51
1972.04	39,22
1972.05	46,49
1972.06	46,15
1972.07	45,81
1972.08	45,44
1972.09	44,58
1972.10	44,24
1972.11	43,91
1972.12	43,67
1973.01	43,19
1973.02	43,26
1973.03	43,31
1973.04	43,13
1973.05	49,87
1973.06	49,45
1973.07	48,78
1973.08	48,81
1973.09	48,16
1973.10	48,38
1973.11	48,44
1973.12	48,41
1974.01	48,20
1974.02	48,77
1974.03	47,71
1974.04	45,15
1974.05	53,64
1974.06	53,29
1974.07	52,63
1974.08	52,20
1974.09	52,01
1974.10	51,43
1974.11	50,70
1974.12	55,07
1975.01	53,63
1975.02	52,85
1975.03	52,23
1975.04	51,30
1975.05	65,40
1975.06	64,30
1975.07	63,56
1975.08	61,28
1975.09	60,43
1975.10	59,44
1975.11	58,61
1975.12	57,83
1976.01	56,05
1976.02	53,68
1976.03	52,35
1976.04	50,96
1976.05	70,94
1976.06	69,86
1976.07	68,41
1976.08	67,04
1976.09	65,39
1976.10	63,89
1976.11	61,96
1976.12	60,85
1977.01	58,73
1977.02	57,26
1977.03	55,85
1977.04	54,28
1977.05	75,47
1977.06	74,39
1977.07	72,93
1977.08	71,99
1977.09	71,09
1977.10	69,44
1977.11	67,44
1977.12	66,09
1978.01	64,13
1978.02	62,54
1978.03	61,06
1978.04	60,00
1978.05	83,28
1978.06	81,42
1978.07	77,76
1978.08	75,81
1978.09	74,83
1978.10	73,44
1978.11	72,18
1978.12	71,04
1979.01	67,72
1979.02	66,61
1979.03	65,04
1979.04	63,59
1979.05	92,01
1979.06	90,33
1979.07	86,69
1979.08	82,73
1979.09	78,44
1979.10	75,26
1979.11	92,58
1979.12	89,52
1980.01	85,21
1980.02	82,98
1980.03	80,13
1980.04	77,28
1980.05	104,64
1980.06	100,25
1980.07	95,01
1980.08	91,02
1980.09	87,87
1980.10	80,90
1980.11	105,34
1980.12	99,55
1981.01	94,49
1981.02	90,02
1981.03	86,03
1981.04	81,30
1981.05	113,55
1981.06	109,04
1981.07	103,80
1981.08	98,56
1981.09	94,53
1981.10	90,55
1981.11	121,64
1981.12	115,46
1982.01	108,55
1982.02	102,17
1982.03	96,98
1982.04	92,19
1982.05	121,48
1982.06	114,80
1982.07	108,46
1982.08	102,95
1982.09	98,91
1982.10	95,48
1982.11	128,46
1982.12	118,26
1983.01	108,57
1983.02	100,59
1983.03	93,82
1983.04	88,67
1983.05	123,35
1983.06	111,63
1983.07	100,59
1983.08	91,85
1983.09	82,95
1983.10	75,57
1983.11	115,83
1983.12	107,02
1984.01	98,41
1984.02	90,12
1984.03	82,21
1984.04	75,43
1984.05	118,38
1984.06	107,97
1984.07	99,34
1984.08	91,85
1984.09	83,07
1984.10	75,39
1984.11	117,13
1984.12	104,94
1985.01	94,01
1985.02	85,13
1985.03	77,72
1985.04	71,92
1985.05	134,67
1985.06	124,66
1985.07	113,46
1985.08	101,84
1985.09	92,77
1985.10	84,45
1985.11	133,58
1985.12	115,73
1986.01	100,90
1986.02	89,47
1986.03	115,67
1986.04	114,96
1986.05	114,05
1986.06	113,58
1986.07	112,56
1986.08	111,17
1986.09	110,37
1986.10	108,91
1986.11	105,54
1986.12	98,48
1987.01	101,80
1987.02	89,67
1987.03	111,63
1987.04	92,79
1987.05	90,74
1987.06	90,08
1987.07	82,16
1987.08	78,60
1987.09	89,83
1987.10	89,35
1987.11	88,43
1987.12	93,10
1988.01	98,08
1988.02	99,62
1988.03	100,13
1988.04	98,96
1988.05	100,78
1988.06	98,50
1988.07	96,51
1988.08	100,40
1988.09	97,08
1988.10	96,11
1988.11	97,55
1988.12	99,85
1989.01	99,63
1989.02	101,05
1989.03	95,97
1989.04	89,39
1989.05	98,15
1989.06	112,09
1989.07	110,10
1989.08	106,62
1989.09	101,46
1989.10	112,42
1989.11	110,82
1989.12	103,76
1990.01	101,53
1990.02	91,53
1990.03	92,59
1990.04	80,87
1990.05	75,54
1990.06	71,43
1990.07	80,95
1990.08	77,26
1990.09	79,36
1990.10	74,02
1990.11	82,26
1990.12	73,25
1991.01	84,97
1991.02	91,30
1991.03	87,48
1991.04	83,43
1991.05	78,44
1991.06	70,98
1991.07	63,39
1991.08	54,99
1991.09	118,01
1991.10	97,61
1991.11	77,40
1991.12	62,39
1992.01	113,46
1992.02	91,47
1992.03	75,59
1992.04	62,65
1992.05	120,68
1992.06	100,22
1992.07	82,27
1992.08	67,41
1992.09	123,80
1992.10	98,55
1992.11	80,30
1992.12	63,90
1993.01	119,44
1993.02	96,05
1993.03	103,26
1993.04	80,66
1993.05	123,12
1993.06	94,57
1993.07	101,39
1993.08	90,95
1993.09	116,63
1993.10	109,30
1993.11	100,47
1993.12	91,11
1994.01	113,31
1994.02	105,35
1994.03	86,77
1994.04	86,49
1994.05	87,22
1994.06	84,71
1994.07	77,36
1994.08	93,79
1994.09	100,20
1994.10	97,51
1994.11	94,84
1994.12	93,25
1995.01	92,30
1995.02	91,74
1995.03	90,57
1995.04	88,67
1995.05	124,31
1995.06	121,89
1995.07	118,97
1995.08	118,07
1995.09	116,94
1995.10	115,70
1995.11	113,90
1995.12	111,98
1996.01	111,02
1996.02	110,59
1996.03	110,84
1996.04	110,24
1996.05	122,15
1996.06	120,62
1996.07	119,42
1996.08	119,05
1996.09	119,41
1996.10	119,33
1996.11	119,15
1996.12	118,76
1997.01	118,18
1997.02	118,02
1997.03	117,52
1997.04	116,96
1997.05	125,10
1997.06	124,82
1997.07	124,75
1997.08	125,02
1997.09	125,21
1997.10	125,15
1997.11	124,89
1997.12	124,03
1998.01	123,21
1998.02	123,00
1998.03	122,41
1998.04	122,08
1998.05	131,55
1998.06	131,52
1998.07	132,05
1998.08	132,86
1998.09	133,44
1998.10	133,62
1998.11	133,86
1998.12	133,22
1999.01	132,68
1999.02	131,15
1999.03	129,88
1999.04	130,22
1999.05	136,16
1999.06	136,06
1999.07	135,47
1999.08	135,05
1999.09	135,17
1999.10	134,13
1999.11	132,96
1999.12	131,98
2000.01	131,57
2000.02	132,28
2000.03	133,20
2000.04	147,85
2000.05	148,09
2000.06	148,42
2000.07	146,73
2000.08	144,97
2000.09	145,11
2000.10	145,12
2000.11	144,79
2000.12	143,91
2001.01	143,72
2001.02	143,59
2001.03	143,23
2001.04	169,98
2001.05	169,78
2001.06	169,06
2001.07	166,73
2001.08	165,42
2001.09	165,44
2001.10	163,35
2001.11	161,00
2001.12	159,18
2002.01	157,86
2002.02	157,99
2002.03	157,90
2002.04	175,23
2002.05	175,08
2002.06	174,11
2002.07	172,32
2002.08	171,42
2002.09	170,29
2002.10	167,94
2002.11	162,43
2002.12	157,81
2003.01	154,69
2003.02	153,64
2003.03	152,47
2003.04	180,09
2003.05	178,03
2003.06	178,33
2003.07	178,45
2003.08	178,81
2003.09	177,93
2003.10	177,05
2003.11	175,92
2003.12	174,79
2004.01	174,19
2004.02	174,45
2004.03	174,58
2004.04	174,43
2004.05	189,31
2004.06	188,97
2004.07	187,30
2004.08	186,47
2004.09	186,55
2004.10	187,21
2004.11	186,49
2004.12	184,22
2005.01	183,56
2005.02	183,81
2005.03	183,90
2005.04	183,47
2005.05	210,01
2005.06	210,35
2005.07	211,26
2005.08	212,34
2005.09	214,61
2005.10	213,81
2005.11	210,95
2005.12	209,26
2006.01	210,06
2006.02	210,00
2006.03	210,59
2006.04	247,48
2006.05	248,39
2006.06	249,05
2006.07	249,52
2006.08	250,06
2006.09	248,43
2006.10	246,03
2006.11	244,63
2006.12	243,49
2007.01	243,04
2007.02	243,32
2007.03	244,46
2007.04	266,45
2007.05	267,38
2007.06	267,07
2007.07	266,15
2007.08	264,10
2007.09	264,17
2007.10	263,94
2007.11	264,37
2007.12	261,66
2008.01	261,16
2008.02	260,67
2008.03	285,68
2008.04	285,59
2008.05	285,26
2008.06	285,53
2008.07	285,38
2008.08	283,64
2008.09	282,83
2008.10	278,58
2008.11	272,21
2008.12	268,61
2009.01	268,07
2009.02	300,92
2009.03	301,05
2009.04	300,15
2009.05	299,23
2009.06	300,53
2009.07	299,37
2009.08	299,80
2009.09	299,51
2009.10	299,08
2009.11	298,19
2009.12	296,95
2010.01	323,95
2010.02	321,78
2010.03	320,82
2010.04	319,05
2010.05	317,93
2010.06	317,97
2010.07	318,26
2010.08	318,92
2010.09	317,39
2010.10	314,89
2010.11	311,81
2010.12	310,48
2011.01	327,24
2011.02	327,08
2011.03	331,15
2011.04	330,90
2011.05	330,57
2011.06	329,49
2011.07	329,78
2011.08	329,31
2011.09	328,33
2011.10	326,61
2011.11	324,48
2011.12	322,04
2012.01	367,28
2012.02	367,47
2012.03	369,59
2012.04	368,35
2012.05	365,91
2012.06	364,43
2012.07	362,27
2012.08	362,66
2012.09	361,99
2012.10	359,30
2012.11	355,68
2012.12	352,12
2013.01	381,44
2013.02	382,58
2013.03	381,29
2013.04	378,66
2013.05	378,01
2013.06	377,86
2013.07	378,50
2013.08	378,35
2013.09	377,77
2013.10	374,51
2013.11	371,74
2013.12	369,05
2014.01	393,08
2014.02	392,03
2014.03	391,34
2014.04	389,59
2014.05	388,62
2014.06	388,34
2014.07	387,68
2014.08	386,34
2014.09	384,74
2014.10	382,32
2014.11	378,25
2014.12	373,79
2015.01	399,02
2015.02	396,15
2015.03	392,58
2015.04	390,61
2015.05	388,75
2015.06	387,13
2015.07	384,92
2015.08	383,42
2015.09	380,88
2015.10	377,80
2015.11	372,86
2015.12	368,28
2016.01	405,82
2016.02	402,34
2016.03	402,30
2016.04	401,64
2016.05	399,35
2016.06	398,78
2016.07	395,61
2016.08	394,75
2016.09	395,38
2016.10	395,20
2016.11	394,31
2016.12	393,89
2017.01	420,08
2017.02	420,39
2017.03	419,39
2017.04	420,30
2017.05	419,15
2017.06	420,79
2017.07	419,79
2017.08	421,17
2017.09	423,49
2017.10	421,66
2017.11	420,91
2017.12	419,57
2018.01	428,53
2018.02	429,70
2018.03	430,37
2018.04	431,17
2018.05	431,11
2018.06	425,71
2018.07	424,68
2018.08	424,91
2018.09	424,14
2018.10	423,19
2018.11	422,83
2018.12	420,89
2019.01	439,56
2019.02	439,05
2019.03	438,15
2019.04	437,84
2019.05	438,12
2019.06	438,16
2019.07	438,46
2019.08	437,91
2019.09	438,47
2019.10	439,30
2019.11	436,70
2019.12	431,05
2020.01	449,64
2020.02	452,71
2020.03	450,91
2020.04	448,93
2020.05	450,06
2020.06	451,17
2020.07	451,47
2020.08	451,27
2020.09	448,00
2020.10	444,23
2020.11	439,78
2020.12	433,86
2021.01	457,40
2021.02	456,17
2021.03	455,48
2021.04	457,49
2021.05	456,77
2021.06	458,26
2021.07	455,82
2021.08	452,78
2021.09	448,62
2021.10	447,16
2021.11	445,62
2021.12	443,75
2022.01	489,76
2022.02	489,34
2022.03	487,54
2022.04	485,21
2022.05	488,36
2022.06	492,02
2022.07	494,93
2022.08	496,29
2022.09	498,96
2022.10	498,64
2022.11	496,25
2022.12	491,34
2023.01	529,61
2023.02	528,49
2023.03	526,87
2023.04	526,74
2023.05	533,45
2023.06	535,71
2023.07	537,21
2023.08	538,48
2023.09	539,23
2023.10	538,38
2023.11	536,75
2023.12	533,29
2024.01	570,31
2024.02	569,23
2024.03	571,83
2024.04	571,94
2024.05	570,26
2024.06	569,03
2024.07	568,22
2024.08	569,48
2024.09	567,66
2024.10	564,87
2024.11	562,71
2024.12	560,22
2025.01	606,22
2025.02	600,03
2025.03	598,33
2025.04	597,32
2025.05	596,48
2025.06	597,14
2025.07	596,79
2025.08	599,77
2025.09	598,18
2025.11	596,57
2025.12	595,20
2026.01	635,46
2026.02	634,90
2026.03	635,77
2026.04	636,02
2026.05	635,91