	Salário mínimo real (GAC12_SALMINRE12)
Frequência: Mensal de 1940.07 até 2026.06
Fonte: Instituto de Pesquisa Econômica Aplicada
Unidade: R$ (do último mês) ( )
Comentário: Salário mínimo real é o valor do salário mínimo nominal ajustado pelo índice de inflação. Referência: Texto de discussão 897 (Ipea).
Status: Ativa
Código: GAC12_SALMINRE12
Notas:
O salário mínimo foi instituído no Brasil e começou a vigorar em julho de 1940 com valores diferenciados entre Estados e sub-regiões. Em 1943, foi incorporado à Consolidação das Leis do Trabalho (CLT). Posteriormente, foi nacionalmente unificado em maio de 1984. Os dados para o período em que a legislação federal permitia faixas diversificadas referem-se ao maior salário mínimo vigente no país.
Série em reais (R$) constantes do último mês, elaborada pelo Ipea, deflacionando-se o salário mínimo nominal pelos seguintes índices:

Período

Índice

jul/1940-jan/1944	IPC-SP/Fipe
jan/1944-jan/1948	IPC-RJ/FGV
jan/1948-mar/1979	IGPC-Mtb
abr/1979-atual	INPC
O deflator sofre ajuste em função da mudança de unidade monetária de cruzeiros reais para reais. Para mitigar diferenças desta mudança, a variação do deflator em julho de 1994 foi multiplicada por 1,2225.

Atualizado em: 10/07/2026



The Ipeadata - http://www.ipeadata.gov.br chart showing Salário mínimo real series.
 

Data	 (Ascending)
Salário mínimo real	 
1940.07	1.026,37
1940.08	1.023,50
1940.09	1.022,58
1940.10	1.006,58
1940.11	983,95
1940.12	1.001,07
1941.01	975,13
1941.02	935,01
1941.03	967,32
1941.04	955,48
1941.05	920,85
1941.06	898,13
1941.07	912,36
1941.08	900,30
1941.09	892,98
1941.10	905,56
1941.11	887,89
1941.12	899,59
1942.01	907,85
1942.02	903,33
1942.03	904,87
1942.04	863,34
1942.05	847,25
1942.06	818,04
1942.07	794,83
1942.08	784,56
1942.09	768,57
1942.10	777,90
1942.11	775,73
1942.12	777,36
1943.01	763,24
1943.02	752,71
1943.03	753,76
1943.04	731,03
1943.05	728,11
1943.06	731,55
1943.07	887,12
1943.08	885,44
1943.09	867,39
1943.10	832,51
1943.11	831,51
1943.12	1.032,50
1944.01	934,81
1944.02	922,67
1944.03	894,49
1944.04	889,72
1944.05	867,98
1944.06	855,97
1944.07	858,85
1944.08	854,45
1944.09	852,93
1944.10	807,34
1944.11	779,45
1944.12	747,85
1945.01	740,06
1945.02	745,52
1945.03	729,23
1945.04	736,79
1945.05	736,79
1945.06	744,51
1945.07	738,92
1945.08	729,23
1945.09	731,31
1945.10	714,56
1945.11	709,40
1945.12	704,45
1946.01	685,94
1946.02	684,11
1946.03	685,94
1946.04	678,42
1946.05	671,18
1946.06	658,73
1946.07	649,26
1946.08	611,68
1946.09	588,50
1946.10	567,02
1946.11	551,93
1946.12	541,11
1947.01	512,14
1947.02	504,40
1947.03	496,82
1947.04	495,79
1947.05	502,81
1947.06	513,24
1947.07	534,77
1947.08	535,89
1947.09	525,69
1947.10	520,76
1947.11	518,58
1947.12	511,12
1948.01	503,34
1948.02	502,05
1948.03	501,40
1948.04	500,12
1948.05	496,94
1948.06	493,18
1948.07	491,94
1948.08	490,09
1948.09	488,26
1948.10	486,44
1948.11	485,23
1948.12	483,43
1949.01	478,70
1949.02	474,63
1949.03	470,07
1949.04	465,59
1949.05	461,74
1949.06	457,42
1949.07	455,82
1949.08	454,76
1949.09	453,18
1949.10	450,57
1949.11	447,99
1949.12	445,44
1950.01	443,92
1950.02	442,92
1950.03	441,42
1950.04	441,42
1950.05	451,61
1950.06	451,61
1950.07	439,93
1950.08	438,94
1950.09	437,47
1950.10	433,59
1950.11	430,25
1950.12	426,49
1951.01	418,28
1951.02	409,95
1951.03	402,36
1951.04	397,05
1951.05	391,88
1951.06	386,84
1951.07	384,94
1951.08	383,05
1951.09	381,18
1951.10	377,51
1951.11	373,54
1951.12	370,01
1952.01	1.132,02
1952.02	1.098,79
1952.03	1.066,53
1952.04	1.059,21
1952.05	1.051,99
1952.06	1.044,87
1952.07	1.040,47
1952.08	1.036,11
1952.09	1.031,78
1952.10	1.023,23
1952.11	1.014,82
1952.12	1.005,73
1953.01	988,82
1953.02	972,47
1953.03	956,65
1953.04	947,12
1953.05	937,77
1953.06	929,30
1953.07	918,24
1953.08	908,12
1953.09	897,56
1953.10	895,60
1953.11	893,66
1953.12	892,37
1954.01	866,69
1954.02	841,31
1954.03	818,99
1954.04	807,74
1954.05	796,80
1954.06	786,65
1954.07	1.552,53
1954.08	1.532,31
1954.09	1.512,60
1954.10	1.493,40
1954.11	1.474,67
1954.12	1.457,27
1955.01	1.413,90
1955.02	1.372,27
1955.03	1.335,18
1955.04	1.322,31
1955.05	1.309,00
1955.06	1.296,63
1955.07	1.284,49
1955.08	1.272,58
1955.09	1.260,89
1955.10	1.242,49
1955.11	1.224,63
1955.12	1.207,86
1956.01	1.170,65
1956.02	1.134,62
1956.03	1.103,21
1956.04	1.089,58
1956.05	1.075,82
1956.06	1.062,86
1956.07	1.043,99
1956.08	1.624,15
1956.09	1.596,96
1956.10	1.571,93
1956.11	1.547,67
1956.12	1.524,74
1957.01	1.474,16
1957.02	1.425,28
1957.03	1.381,96
1957.04	1.374,68
1957.05	1.367,47
1957.06	1.359,86
1957.07	1.357,50
1957.08	1.355,15
1957.09	1.352,34
1957.10	1.346,28
1957.11	1.340,29
1957.12	1.334,34
1958.01	1.306,70
1958.02	1.279,76
1958.03	1.254,72
1958.04	1.239,21
1958.05	1.224,09
1958.06	1.209,32
1958.07	1.197,84
1958.08	1.186,58
1958.09	1.175,52
1958.10	1.159,15
1958.11	1.143,22
1958.12	1.128,05
1959.01	1.696,02
1959.02	1.618,66
1959.03	1.548,44
1959.04	1.521,73
1959.05	1.495,93
1959.06	1.470,98
1959.07	1.452,99
1959.08	1.435,42
1959.09	1.418,28
1959.10	1.387,06
1959.11	1.356,89
1959.12	1.328,28
1960.01	1.280,89
1960.02	1.236,77
1960.03	1.194,43
1960.04	1.176,23
1960.05	1.158,57
1960.06	1.141,23
1960.07	1.127,27
1960.08	1.113,65
1960.09	1.100,16
1960.10	1.719,81
1960.11	1.681,18
1960.12	1.644,25
1961.01	1.581,36
1961.02	1.523,33
1961.03	1.469,19
1961.04	1.436,51
1961.05	1.405,45
1961.06	1.375,51
1961.07	1.353,65
1961.08	1.332,30
1961.09	1.311,60
1961.10	1.762,99
1961.11	1.695,15
1961.12	1.632,34
1962.01	1.528,11
1962.02	1.436,39
1962.03	1.355,06
1962.04	1.311,13
1962.05	1.269,96
1962.06	1.231,30
1962.07	1.200,00
1962.08	1.170,26
1962.09	1.142,04
1962.10	1.108,10
1962.11	1.099,30
1962.12	1.046,01
1963.01	1.517,57
1963.02	1.416,33
1963.03	1.327,67
1963.04	1.284,13
1963.05	1.243,35
1963.06	1.205,08
1963.07	1.163,88
1963.08	1.125,39
1963.09	1.089,37
1963.10	1.047,66
1963.11	1.009,07
1963.12	973,08
1964.01	900,85
1964.02	1.686,49
1964.03	1.582,28
1964.04	1.531,71
1964.05	1.482,94
1964.06	1.438,62
1964.07	1.384,62
1964.08	1.334,52
1964.09	1.286,80
1964.10	1.227,88
1964.11	1.174,09
1964.12	1.124,19
1965.01	1.045,76
1965.02	977,55
1965.03	1.442,53
1965.04	1.383,05
1965.05	1.328,28
1965.06	1.277,79
1965.07	1.233,38
1965.08	1.191,95
1965.09	1.152,24
1965.10	1.116,52
1965.11	1.082,94
1965.12	1.052,20
1966.01	1.004,01
1966.02	960,05
1966.03	1.171,07
1966.04	1.127,11
1966.05	1.086,33
1966.06	1.047,21
1966.07	1.014,74
1966.08	984,22
1966.09	956,52
1966.10	933,18
1966.11	910,97
1966.12	889,42
1967.01	864,53
1967.02	848,41
1967.03	1.031,16
1967.04	1.007,14
1967.05	982,42
1967.06	962,30
1967.07	949,61
1967.08	937,26
1967.09	926,01
1967.10	914,26
1967.11	903,56
1967.12	893,85
1968.01	869,40
1968.02	853,60
1968.03	1.030,79
1968.04	1.007,43
1968.05	990,97
1968.06	972,90
1968.07	952,06
1968.08	938,00
1968.09	924,35
1968.10	910,47
1968.11	897,00
1968.12	883,92
1969.01	862,21
1969.02	852,30
1969.03	841,54
1969.04	831,05
1969.05	981,99
1969.06	954,55
1969.07	940,02
1969.08	928,60
1969.09	912,76
1969.10	898,96
1969.11	884,60
1969.12	872,58
1970.01	852,66
1970.02	842,37
1970.03	824,20
1970.04	815,83
1970.05	964,29
1970.06	948,63
1970.07	930,75
1970.08	907,95
1970.09	891,56
1970.10	880,56
1970.11	869,82
1970.12	862,04
1971.01	845,40
1971.02	834,77
1971.03	821,95
1971.04	811,57
1971.05	963,03
1971.06	941,17
1971.07	924,31
1971.08	913,04
1971.09	901,70
1971.10	889,61
1971.11	876,51
1971.12	866,69
1972.01	846,47
1972.02	830,72
1972.03	816,41
1972.04	808,45
1972.05	955,94
1972.06	946,78
1972.07	935,26
1972.08	925,56
1972.09	905,86
1972.10	894,72
1972.11	885,84
1972.12	879,09
1973.01	867,24
1973.02	862,64
1973.03	855,70
1973.04	846,28
1973.05	971,88
1973.06	957,11
1973.07	941,95
1973.08	925,92
1973.09	911,47
1973.10	907,60
1973.11	902,76
1973.12	896,45
1974.01	884,84
1974.02	883,87
1974.03	853,79
1974.04	804,59
1974.05	944,25
1974.06	930,43
1974.07	911,40
1974.08	893,14
1974.09	879,37
1974.10	861,02
1974.11	842,13
1974.12	907,65
1975.01	880,53
1975.02	861,19
1975.03	847,86
1975.04	829,59
1975.05	1.051,70
1975.06	1.026,31
1975.07	1.003,21
1975.08	965,42
1975.09	946,75
1975.10	926,28
1975.11	906,68
1975.12	891,35
1976.01	862,33
1976.02	822,99
1976.03	801,11
1976.04	777,15
1976.05	1.074,09
1976.06	1.052,22
1976.07	1.024,93
1976.08	999,15
1976.09	971,16
1976.10	943,90
1976.11	913,89
1976.12	894,45
1977.01	858,78
1977.02	828,88
1977.03	803,03
1977.04	773,86
1977.05	1.070,72
1977.06	1.048,44
1977.07	1.022,82
1977.08	1.006,28
1977.09	990,52
1977.10	964,35
1977.11	932,07
1977.12	910,38
1978.01	877,75
1978.02	850,54
1978.03	823,90
1978.04	803,26
1978.05	1.104,53
1978.06	1.068,30
1978.07	1.012,45
1978.08	982,65
1978.09	962,62
1978.10	936,34
1978.11	916,15
1978.12	897,71
1979.01	848,24
1979.02	824,63
1979.03	797,12
1979.04	770,53
1979.05	1.100,86
1979.06	1.068,80
1979.07	1.014,44
1979.08	958,97
1979.09	899,53
1979.10	856,18
1979.11	1.043,44
1979.12	998,45
1980.01	936,97
1980.02	899,65
1980.03	855,80
1980.04	816,21
1980.05	1.094,31
1980.06	1.037,03
1980.07	982,84
1980.08	934,73
1980.09	894,88
1980.10	816,16
1980.11	1.053,97
1980.12	986,84
1981.01	929,15
1981.02	876,12
1981.03	831,60
1981.04	780,55
1981.05	1.081,74
1981.06	1.029,53
1981.07	969,41
1981.08	913,47
1981.09	867,69
1981.10	829,36
1981.11	1.110,57
1981.12	1.050,81
1982.01	984,70
1982.02	923,94
1982.03	877,95
1982.04	831,02
1982.05	1.084,77
1982.06	1.012,46
1982.07	951,63
1982.08	901,45
1982.09	864,25
1982.10	831,76
1982.11	1.121,35
1982.12	1.036,51
1983.01	949,66
1983.02	878,99
1983.03	819,80
1983.04	769,29
1983.05	1.063,76
1983.06	959,79
1983.07	861,35
1983.08	784,13
1983.09	704,70
1983.10	640,07
1983.11	979,14
1983.12	903,73
1984.01	826,15
1984.02	752,84
1984.03	685,44
1984.04	625,84
1984.05	979,42
1984.06	890,69
1984.07	816,34
1984.08	751,90
1984.09	676,77
1984.10	612,51
1984.11	951,58
1984.12	852,51
1985.01	762,28
1985.02	687,05
1985.03	624,91
1985.04	575,51
1985.05	1.073,68
1985.06	991,08
1985.07	900,36
1985.08	806,68
1985.09	732,76
1985.10	664,64
1985.11	1.048,41
1985.12	905,75
1986.01	787,54
1986.02	700,23
1986.03	909,44
1986.04	905,55
1986.05	895,92
1986.06	887,35
1986.07	879,37
1986.08	866,96
1986.09	856,75
1986.10	844,66
1986.11	817,77
1986.12	762,38
1987.01	783,16
1987.02	687,32
1987.03	851,91
1987.04	704,30
1987.05	686,34
1987.06	678,98
1987.07	617,64
1987.08	587,76
1987.09	668,26
1987.10	662,96
1987.11	655,50
1987.12	690,18
1988.01	725,17
1988.02	734,70
1988.03	735,27
1988.04	722,94
1988.05	733,71
1988.06	714,07
1988.07	696,68
1988.08	721,78
1988.09	693,25
1988.10	684,01
1988.11	693,66
1988.12	708,89
1989.01	703,79
1989.02	710,86
1989.03	671,26
1989.04	621,19
1989.05	678,25
1989.06	772,70
1989.07	757,14
1989.08	732,00
1989.09	694,39
1989.10	765,70
1989.11	752,97
1989.12	703,90
1990.01	681,76
1990.02	611,70
1990.03	615,47
1990.04	536,73
1990.05	500,17
1990.06	470,42
1990.07	531,07
1990.08	502,24
1990.09	511,60
1990.10	474,31
1990.11	525,92
1990.12	468,31
1991.01	540,06
1991.02	579,44
1991.03	554,34
1991.04	527,90
1991.05	494,85
1991.06	446,49
1991.07	398,14
1991.08	344,36
1991.09	735,83
1991.10	607,73
1991.11	480,50
1991.12	387,03
1992.01	702,81
1992.02	564,59
1992.03	464,23
1992.04	384,17
1992.05	738,99
1992.06	611,49
1992.07	500,90
1992.08	409,30
1992.09	749,52
1992.10	594,53
1992.11	483,79
1992.12	385,24
1993.01	716,55
1993.02	574,21
1993.03	615,14
1993.04	479,19
1993.05	730,41
1993.06	560,26
1993.07	600,67
1993.08	537,30
1993.09	687,64
1993.10	641,76
1993.11	589,50
1993.12	534,55
1994.01	663,00
1994.02	614,34
1994.03	504,25
1994.04	501,97
1994.05	505,85
1994.06	489,62
1994.07	445,93
1994.08	538,46
1994.09	573,73
1994.10	558,00
1994.11	541,95
1994.12	532,89
1995.01	525,33
1995.02	520,07
1995.03	511,78
1995.04	499,35
1995.05	698,68
1995.06	683,77
1995.07	667,35
1995.08	660,61
1995.09	652,97
1995.10	643,96
1995.11	634,38
1995.12	624,08
1996.01	615,10
1996.02	610,77
1996.03	609,00
1996.04	603,39
1996.05	667,26
1996.06	658,50
1996.07	650,70
1996.08	647,46
1996.09	647,33
1996.10	644,88
1996.11	642,69
1996.12	640,58
1997.01	635,43
1997.02	632,58
1997.03	628,31
1997.04	624,56
1997.05	668,44
1997.06	666,11
1997.07	664,91
1997.08	665,11
1997.09	664,45
1997.10	662,53
1997.11	661,54
1997.12	657,79
1998.01	652,24
1998.02	648,74
1998.03	645,58
1998.04	642,69
1998.05	691,27
1998.06	690,24
1998.07	692,17
1998.08	695,58
1998.09	697,74
1998.10	696,98
1998.11	698,23
1998.12	695,31
1999.01	690,82
1999.02	682,02
1999.03	673,40
1999.04	670,25
1999.05	700,84
1999.06	700,35
1999.07	695,21
1999.08	691,40
1999.09	688,72
1999.10	682,17
1999.11	675,82
1999.12	670,86
2000.01	666,79
2000.02	666,45
2000.03	665,59
2000.04	738,34
2000.05	738,70
2000.06	736,49
2000.07	726,40
2000.08	717,71
2000.09	714,64
2000.10	713,50
2000.11	711,43
2000.12	707,54
2001.01	702,13
2001.02	698,71
2001.03	695,37
2001.04	822,01
2001.05	817,36
2001.06	812,48
2001.07	803,56
2001.08	797,26
2001.09	793,77
2001.10	786,38
2001.11	776,37
2001.12	770,66
2002.01	762,51
2002.02	760,15
2002.03	755,47
2002.04	833,74
2002.05	832,99
2002.06	827,94
2002.07	818,52
2002.08	811,54
2002.09	804,86
2002.10	792,42
2002.11	766,44
2002.12	746,29
2003.01	728,30
2003.02	717,82
2003.03	708,12
2003.04	838,18
2003.05	829,96
2003.06	830,46
2003.07	830,13
2003.08	828,63
2003.09	821,89
2003.10	818,70
2003.11	815,68
2003.12	811,30
2004.01	804,62
2004.02	801,50
2004.03	796,96
2004.04	793,70
2004.05	856,42
2004.06	852,16
2004.07	845,99
2004.08	841,78
2004.09	840,35
2004.10	838,92
2004.11	835,25
2004.12	828,12
2005.01	823,43
2005.02	819,82
2005.03	813,88
2005.04	806,54
2005.05	924,16
2005.06	925,18
2005.07	924,90
2005.08	924,90
2005.09	923,52
2005.10	918,19
2005.11	913,26
2005.12	909,62
2006.01	906,18
2006.02	904,10
2006.03	901,66
2006.04	1.050,68
2006.05	1.049,32
2006.06	1.050,05
2006.07	1.048,90
2006.08	1.049,11
2006.09	1.047,43
2006.10	1.042,95
2006.11	1.038,59
2006.12	1.032,19
2007.01	1.027,16
2007.02	1.022,86
2007.03	1.018,38
2007.04	1.102,80
2007.05	1.099,94
2007.06	1.096,55
2007.07	1.093,05
2007.08	1.086,64
2007.09	1.083,93
2007.10	1.080,69
2007.11	1.076,06
2007.12	1.065,72
2008.01	1.058,42
2008.02	1.053,36
2008.03	1.144,54
2008.04	1.137,27
2008.05	1.126,45
2008.06	1.116,30
2008.07	1.109,86
2008.08	1.107,53
2008.09	1.105,88
2008.10	1.100,37
2008.11	1.096,21
2008.12	1.093,04
2009.01	1.086,09
2009.02	1.213,18
2009.03	1.210,76
2009.04	1.204,14
2009.05	1.196,96
2009.06	1.191,95
2009.07	1.189,22
2009.08	1.188,27
2009.09	1.186,37
2009.10	1.183,53
2009.11	1.179,16
2009.12	1.176,34
2010.01	1.278,92
2010.02	1.270,03
2010.03	1.261,08
2010.04	1.251,94
2010.05	1.246,58
2010.06	1.247,96
2010.07	1.248,83
2010.08	1.249,70
2010.09	1.242,99
2010.10	1.231,66
2010.11	1.219,10
2010.12	1.211,83
2011.01	1.271,17
2011.02	1.264,34
2011.03	1.267,68
2011.04	1.258,61
2011.05	1.251,48
2011.06	1.248,73
2011.07	1.248,73
2011.08	1.243,51
2011.09	1.237,94
2011.10	1.233,99
2011.11	1.227,00
2011.12	1.220,77
2012.01	1.386,18
2012.02	1.380,79
2012.03	1.378,31
2012.04	1.369,55
2012.05	1.362,06
2012.06	1.358,53
2012.07	1.352,71
2012.08	1.346,65
2012.09	1.338,22
2012.10	1.328,79
2012.11	1.321,65
2012.12	1.311,94
2013.01	1.417,02
2013.02	1.409,69
2013.03	1.401,28
2013.04	1.393,06
2013.05	1.388,20
2013.06	1.384,33
2013.07	1.386,13
2013.08	1.383,92
2013.09	1.380,19
2013.10	1.371,82
2013.11	1.364,45
2013.12	1.354,70
2014.01	1.437,55
2014.02	1.428,41
2014.03	1.416,79
2014.04	1.405,83
2014.05	1.397,44
2014.06	1.393,82
2014.07	1.392,01
2014.08	1.389,51
2014.09	1.382,73
2014.10	1.377,50
2014.11	1.370,24
2014.12	1.361,79
2015.01	1.460,56
2015.02	1.443,81
2015.03	1.422,33
2015.04	1.412,31
2015.05	1.398,46
2015.06	1.387,78
2015.07	1.379,77
2015.08	1.376,33
2015.09	1.369,35
2015.10	1.358,89
2015.11	1.343,97
2015.12	1.331,98
2016.01	1.465,36
2016.02	1.451,57
2016.03	1.445,21
2016.04	1.436,02
2016.05	1.422,09
2016.06	1.415,43
2016.07	1.406,43
2016.08	1.402,09
2016.09	1.400,97
2016.10	1.398,59
2016.11	1.397,61
2016.12	1.395,66
2017.01	1.479,84
2017.02	1.476,30
2017.03	1.471,59
2017.04	1.470,41
2017.05	1.465,14
2017.06	1.469,54
2017.07	1.467,05
2017.08	1.467,49
2017.09	1.467,78
2017.10	1.462,37
2017.11	1.459,74
2017.12	1.455,96
2018.01	1.478,97
2018.02	1.476,31
2018.03	1.475,28
2018.04	1.472,19
2018.05	1.465,89
2018.06	1.445,22
2018.07	1.441,62
2018.08	1.441,62
2018.09	1.437,31
2018.10	1.431,58
2018.11	1.435,17
2018.12	1.433,16
2019.01	1.493,88
2019.02	1.485,86
2019.03	1.474,50
2019.04	1.465,71
2019.05	1.463,52
2019.06	1.463,37
2019.07	1.461,91
2019.08	1.460,16
2019.09	1.460,89
2019.10	1.460,30
2019.11	1.452,46
2019.12	1.434,95
2020.01	1.491,07
2020.02	1.497,14
2020.03	1.494,45
2020.04	1.497,89
2020.05	1.501,65
2020.06	1.497,16
2020.07	1.490,60
2020.08	1.485,25
2020.09	1.472,44
2020.10	1.459,45
2020.11	1.445,71
2020.12	1.424,91
2021.01	1.495,87
2021.02	1.483,70
2021.03	1.471,05
2021.04	1.465,48
2021.05	1.451,55
2021.06	1.442,89
2021.07	1.428,32
2021.08	1.415,86
2021.09	1.399,07
2021.10	1.383,03
2021.11	1.371,51
2021.12	1.361,57
2022.01	1.490,22
2022.02	1.475,46
2022.03	1.450,66
2022.04	1.435,72
2022.05	1.429,29
2022.06	1.420,48
2022.07	1.429,06
2022.08	1.433,50
2022.09	1.438,11
2022.10	1.431,38
2022.11	1.425,96
2022.12	1.416,19
2023.01	1.514,38
2023.02	1.502,81
2023.03	1.493,25
2023.04	1.485,38
2023.05	1.500,52
2023.06	1.502,02
2023.07	1.503,37
2023.08	1.500,37
2023.09	1.498,72
2023.10	1.496,93
2023.11	1.495,43
2023.12	1.487,25
2024.01	1.581,89
2024.02	1.569,18
2024.03	1.566,21
2024.04	1.560,43
2024.05	1.553,29
2024.06	1.549,41
2024.07	1.545,39
2024.08	1.547,56
2024.09	1.540,17
2024.10	1.530,83
2024.11	1.525,79
2024.12	1.518,50
2025.01	1.632,50
2025.02	1.608,69
2025.03	1.600,53
2025.04	1.592,88
2025.05	1.587,33
2025.06	1.583,68
2025.07	1.580,36
2025.08	1.583,69
2025.09	1.575,50
2025.10	1.575,03
2025.11	1.574,55
2025.12	1.571,25
2026.01	1.671,35
2026.02	1.662,04
2026.03	1.647,05
2026.04	1.633,82
2026.05	1.623,27
2026.06	1.621,00